143
647
-74
-38
145
327
512
779
-98
903
930
14
-870
-363
50
109
168
-809
-667
-666
-312
368
406
-182
-165
615
-159
844
850
-909
-61
-489
955
6
-466
67
115
-987
-853
-419
161
-412
-392
-854
-844
-678
275
288
-676
294
-830
-677
336
-630
-277
440
-267
-933
-236
490
528
-216
554
569
-780
-596
-166
-562
790
-802
-540
836
-81
875
939
949
-549
8
11
-930
42
52
63
-727
71
72
78
89
-447
-434
-398
-366
261
263
333
-660
360
-318
-299
-295
437
441
-257
-255
-247
-811
-619
-241
-221
547
-202
-197
-947
611
616
625
-177
-566
699
700
729
734
756
769
775
-952
788
-765
813
-90
-77
-72
-528
-64
-54
906
916
-520
-18
946
-30
-15
3
-746